M 1127.00,8.00
C 1127.00,8.00 1482.00,8.00 1482.00,8.00
1482.00,8.00 1489.49,9.02 1489.49,9.02
1489.49,9.02 1492.72,16.00 1492.72,16.00
1492.72,16.00 1497.28,31.00 1497.28,31.00
1497.28,31.00 1511.28,77.00 1511.28,77.00
1511.28,77.00 1520.00,103.00 1520.00,103.00
1520.00,103.00 1527.98,75.00 1527.98,75.00
1527.98,75.00 1540.02,35.00 1540.02,35.00
1540.02,35.00 1548.00,8.00 1548.00,8.00
1548.00,8.00 2543.00,8.00 2543.00,8.00
2543.00,8.00 2832.00,8.00 2832.00,8.00
2832.00,8.00 2917.00,8.00 2917.00,8.00
2917.00,8.00 2941.00,8.00 2941.00,8.00
2941.00,8.00 2954.00,9.00 2954.00,9.00
2954.00,9.00 2858.00,62.31 2858.00,62.31
2858.00,62.31 2730.00,132.31 2730.00,132.31
2730.00,132.31 2611.00,196.31 2611.00,196.31
2611.00,196.31 2532.00,236.69 2532.00,236.69
2443.32,277.42 2344.62,310.67 2250.00,334.63
2115.98,368.55 1979.56,393.08 1842.00,406.83
1842.00,406.83 1779.00,412.09 1779.00,412.09
1779.00,412.09 1750.00,414.00 1750.00,414.00
1750.00,414.00 1740.00,414.91 1740.00,414.91
1740.00,414.91 1698.00,419.25 1698.00,419.25
1654.57,426.79 1612.55,442.93 1578.00,470.80
1545.32,497.17 1517.59,536.11 1504.00,576.00
1499.11,590.35 1495.79,601.05 1492.80,616.00
1491.72,621.43 1490.25,635.12 1488.00,639.00
1487.39,631.76 1482.45,615.34 1480.00,608.00
1480.00,608.00 1462.78,563.00 1462.78,563.00
1451.12,538.13 1439.11,516.40 1421.58,495.00
1397.40,465.49 1368.12,442.54 1332.00,429.69
1305.07,420.11 1281.61,420.47 1254.00,417.83
1254.00,417.83 1130.00,405.15 1130.00,405.15
935.73,381.94 727.47,344.51 545.00,272.80
489.90,251.14 442.82,226.33 391.00,198.31
391.00,198.31 268.00,130.86 268.00,130.86
268.00,130.86 126.00,50.42 126.00,50.42
126.00,50.42 82.00,24.85 82.00,24.85
82.00,24.85 54.00,8.00 54.00,8.00
54.00,8.00 1127.00,8.00 1127.00,8.00 Z
M 28.00,102.20
C 28.00,102.20 77.00,131.58 77.00,131.58
77.00,131.58 217.00,216.58 217.00,216.58
217.00,216.58 319.00,279.58 319.00,279.58
364.92,308.03 410.15,336.63 453.00,369.65
577.66,465.70 686.32,580.44 786.92,701.00
831.48,754.40 874.39,810.01 914.28,867.00
914.28,867.00 944.67,911.00 944.67,911.00
965.68,942.46 977.14,961.76 1004.09,989.99
1004.09,989.99 1013.00,998.09 1013.00,998.09
1062.39,1043.87 1115.02,1063.78 1182.00,1063.00
1182.00,1063.00 1192.00,1062.09 1192.00,1062.09
1212.87,1060.56 1232.99,1056.37 1253.00,1050.28
1253.00,1050.28 1279.00,1041.00 1279.00,1041.00
1274.24,1047.65 1265.92,1054.85 1260.04,1061.00
1250.79,1070.67 1242.00,1081.36 1233.88,1092.00
1210.98,1122.02 1191.98,1155.55 1181.58,1192.00
1178.08,1204.26 1174.02,1224.40 1174.00,1237.00
1174.00,1237.00 1174.00,1257.00 1174.00,1257.00
1174.20,1274.00 1181.19,1300.31 1187.87,1316.00
1187.87,1316.00 1200.69,1343.00 1200.69,1343.00
1200.69,1343.00 1250.14,1451.00 1250.14,1451.00
1303.34,1571.34 1351.67,1694.62 1388.58,1821.00
1411.09,1898.09 1429.79,1977.33 1440.28,2057.00
1440.28,2057.00 1447.04,2126.00 1447.04,2126.00
1447.04,2126.00 1448.00,2137.00 1448.00,2137.00
1448.00,2137.00 1449.00,2159.00 1449.00,2159.00
1449.00,2159.00 1449.00,2173.00 1449.00,2173.00
1449.00,2173.00 1450.00,2188.00 1450.00,2188.00
1450.00,2188.00 1450.00,2207.00 1450.00,2207.00
1450.00,2207.00 1451.00,2224.00 1451.00,2224.00
1451.00,2224.00 1451.00,2253.00 1451.00,2253.00
1451.00,2253.00 1452.00,2270.00 1452.00,2270.00
1452.00,2270.00 1452.00,2322.00 1452.00,2322.00
1452.00,2322.00 1453.00,2339.00 1453.00,2339.00
1453.00,2339.00 1453.00,2502.00 1453.00,2502.00
1453.00,2502.00 1452.00,2517.00 1452.00,2517.00
1452.00,2517.00 1452.00,2572.00 1452.00,2572.00
1452.00,2572.00 1451.00,2592.00 1451.00,2592.00
1449.61,2591.77 1448.82,2591.86 1447.52,2591.01
1444.82,2589.22 1438.18,2576.55 1436.15,2573.00
1436.15,2573.00 1404.40,2518.00 1404.40,2518.00
1404.40,2518.00 1349.58,2423.00 1349.58,2423.00
1349.58,2423.00 1271.58,2288.00 1271.58,2288.00
1271.58,2288.00 1095.42,1983.00 1095.42,1983.00
1095.42,1983.00 901.58,1647.00 901.58,1647.00
901.58,1647.00 797.58,1467.00 797.58,1467.00
797.58,1467.00 768.72,1417.00 768.72,1417.00
766.83,1413.68 758.10,1399.59 757.96,1397.00
757.78,1393.83 761.32,1390.29 763.27,1388.00
763.27,1388.00 780.41,1368.00 780.41,1368.00
780.41,1368.00 829.75,1310.00 829.75,1310.00
829.75,1310.00 849.00,1287.00 849.00,1287.00
849.00,1287.00 749.00,1303.41 749.00,1303.41
749.00,1303.41 720.00,1308.08 720.00,1308.08
720.00,1308.08 708.21,1309.31 708.21,1309.31
708.21,1309.31 702.85,1303.00 702.85,1303.00
702.85,1303.00 694.85,1289.00 694.85,1289.00
694.85,1289.00 661.85,1232.00 661.85,1232.00
661.85,1232.00 533.15,1009.00 533.15,1009.00
533.15,1009.00 371.42,729.00 371.42,729.00
371.42,729.00 177.58,393.00 177.58,393.00
177.58,393.00 65.58,199.00 65.58,199.00
65.58,199.00 24.58,128.00 24.58,128.00
24.58,128.00 1.00,87.00 1.00,87.00
7.42,89.03 21.45,98.28 28.00,102.20 Z
M 1742.00,1046.11
C 1742.00,1046.11 1779.00,1053.58 1779.00,1053.58
1830.34,1061.55 1884.59,1060.28 1933.00,1039.57
1955.81,1029.82 1977.00,1015.16 1993.91,997.00
2006.91,983.05 2015.37,969.46 2026.02,954.00
2026.02,954.00 2060.42,905.00 2060.42,905.00
2120.77,820.59 2183.58,738.67 2250.08,659.00
2332.70,560.02 2437.98,451.29 2540.00,372.65
2608.86,319.57 2710.19,258.81 2786.00,212.80
2786.00,212.80 2929.00,128.72 2929.00,128.72
2929.00,128.72 2972.00,104.15 2972.00,104.15
2977.90,100.78 2991.24,92.82 2997.00,91.00
2995.51,98.91 2987.36,110.62 2983.15,118.00
2983.15,118.00 2951.42,173.00 2951.42,173.00
2951.42,173.00 2846.85,354.00 2846.85,354.00
2846.85,354.00 2620.42,746.00 2620.42,746.00
2620.42,746.00 2483.01,984.00 2483.01,984.00
2483.01,984.00 2385.42,1153.00 2385.42,1153.00
2385.42,1153.00 2356.00,1204.00 2356.00,1204.00
2352.77,1209.62 2345.22,1223.94 2340.91,1227.61
2329.89,1237.00 2304.92,1236.16 2291.00,1236.00
2291.00,1236.00 2281.00,1235.09 2281.00,1235.09
2261.45,1233.74 2242.30,1230.90 2223.00,1227.42
2223.00,1227.42 2174.00,1217.00 2174.00,1217.00
2179.31,1224.42 2189.32,1232.80 2195.83,1240.00
2214.78,1260.95 2234.06,1281.79 2250.28,1305.00
2258.16,1316.28 2270.70,1334.83 2269.96,1349.00
2269.60,1355.86 2261.47,1367.66 2257.85,1374.00
2257.85,1374.00 2227.80,1426.00 2227.80,1426.00
2227.80,1426.00 2188.58,1494.00 2188.58,1494.00
2188.58,1494.00 2124.42,1605.00 2124.42,1605.00
2124.42,1605.00 1740.85,2269.00 1740.85,2269.00
1740.85,2269.00 1600.00,2513.00 1600.00,2513.00
1600.00,2513.00 1565.85,2572.00 1565.85,2572.00
1563.79,2575.59 1556.94,2588.38 1554.47,2590.40
1552.85,2591.73 1551.91,2591.67 1550.00,2592.00
1550.00,2592.00 1549.00,2576.00 1549.00,2576.00
1549.00,2576.00 1549.00,2559.00 1549.00,2559.00
1549.00,2559.00 1548.00,2542.00 1548.00,2542.00
1548.00,2542.00 1548.00,2520.00 1548.00,2520.00
1548.00,2520.00 1547.00,2503.00 1547.00,2503.00
1547.00,2503.00 1547.00,2472.00 1547.00,2472.00
1547.00,2472.00 1546.00,2455.00 1546.00,2455.00
1546.00,2455.00 1546.00,2405.00 1546.00,2405.00
1546.00,2405.00 1545.00,2388.00 1545.00,2388.00
1545.00,2388.00 1545.00,2193.00 1545.00,2193.00
1545.00,2193.00 1546.00,2176.00 1546.00,2176.00
1546.00,2176.00 1547.91,2140.00 1547.91,2140.00
1547.91,2140.00 1553.85,2080.00 1553.85,2080.00
1566.04,1977.99 1593.56,1873.02 1624.02,1775.00
1655.35,1674.22 1700.24,1560.97 1744.31,1465.00
1744.31,1465.00 1769.25,1412.00 1769.25,1412.00
1781.43,1387.62 1794.75,1363.35 1804.80,1338.00
1815.21,1311.72 1822.15,1284.15 1824.96,1256.00
1824.96,1256.00 1824.96,1247.00 1824.96,1247.00
1824.96,1247.00 1825.99,1238.00 1825.99,1238.00
1825.99,1238.00 1825.04,1225.00 1825.04,1225.00
1822.68,1170.94 1800.23,1121.49 1764.71,1081.00
1764.71,1081.00 1740.00,1056.28 1740.00,1056.28
1740.00,1056.28 1722.00,1041.00 1722.00,1041.00
1722.00,1041.00 1742.00,1046.11 1742.00,1046.11 Z