M 636.31,438.00
C 636.31,438.00 656.26,481.00 656.26,481.00
656.26,481.00 665.22,500.00 665.22,500.00
666.35,502.40 668.32,506.34 667.90,509.00
667.46,511.80 662.82,517.45 661.00,520.00
661.00,520.00 642.00,546.00 642.00,546.00
642.00,546.00 616.42,581.00 616.42,581.00
613.30,585.33 604.09,598.66 600.83,601.47
600.83,601.47 577.00,615.42 577.00,615.42
577.00,615.42 531.00,641.58 531.00,641.58
531.00,641.58 498.00,660.42 498.00,660.42
491.05,664.40 485.17,668.89 477.00,669.00
477.00,669.00 447.00,667.09 447.00,667.09
447.00,667.09 387.00,663.04 387.00,663.04
387.00,663.04 378.00,663.04 378.00,663.04
378.00,663.04 367.00,662.00 367.00,662.00
363.83,661.98 359.19,662.31 356.64,660.18
354.61,658.49 348.42,644.29 347.00,641.00
347.00,641.00 328.14,600.00 328.14,600.00
328.14,600.00 306.31,553.00 306.31,553.00
306.31,553.00 261.69,456.00 261.69,456.00
261.69,456.00 195.69,313.00 195.69,313.00
195.69,313.00 177.69,274.00 177.69,274.00
177.69,274.00 164.46,245.00 164.46,245.00
164.46,245.00 159.33,229.00 159.33,229.00
159.33,229.00 143.00,178.00 143.00,178.00
141.39,173.11 135.17,155.95 135.31,152.00
135.48,147.31 142.92,138.94 145.87,135.00
145.87,135.00 175.13,96.00 175.13,96.00
175.13,96.00 195.29,69.00 195.29,69.00
197.95,65.28 205.01,55.08 208.17,52.70
208.17,52.70 231.00,42.58 231.00,42.58
231.00,42.58 283.00,20.72 283.00,20.72
283.00,20.72 316.00,6.72 316.00,6.72
320.23,4.89 329.86,0.46 334.00,0.11
339.31,-0.35 359.43,3.81 366.00,4.92
366.00,4.92 432.00,16.25 432.00,16.25
440.63,17.81 441.56,22.64 445.25,30.00
445.25,30.00 458.75,57.00 458.75,57.00
458.75,57.00 509.69,164.00 509.69,164.00
509.69,164.00 520.74,188.00 520.74,188.00
522.16,190.94 524.06,196.44 526.39,198.42
528.13,199.89 530.83,200.39 533.00,201.00
532.27,206.44 537.36,218.38 540.33,222.99
540.33,222.99 546.00,231.00 546.00,231.00
546.00,231.00 541.00,231.00 541.00,231.00
541.00,231.00 565.22,284.00 565.22,284.00
565.22,284.00 595.24,349.00 595.24,349.00
595.24,349.00 606.76,374.00 606.76,374.00
606.76,374.00 611.84,382.80 611.84,382.80
611.84,382.80 620.00,382.80 620.00,382.80
619.11,384.71 618.96,386.15 617.00,385.00
617.00,385.00 614.00,387.00 614.00,387.00
614.00,387.00 620.00,403.00 620.00,403.00
620.00,403.00 622.00,402.00 622.00,402.00
622.00,402.00 623.00,405.00 623.00,405.00
623.00,405.00 629.00,407.00 629.00,407.00
629.00,407.00 631.00,410.00 631.00,410.00
631.00,410.00 630.00,412.00 630.00,412.00
630.00,412.00 632.00,414.00 632.00,414.00
632.00,414.00 625.00,414.00 625.00,414.00
625.00,414.00 636.31,438.00 636.31,438.00 Z
M 206.00,219.83
C 206.00,219.83 246.00,223.09 246.00,223.09
246.00,223.09 269.00,224.82 269.00,224.82
269.00,224.82 298.00,214.20 298.00,214.20
298.00,214.20 347.00,194.68 347.00,194.68
347.00,194.68 380.96,180.93 380.96,180.93
385.10,178.34 387.13,173.99 389.69,170.00
389.69,170.00 405.05,146.00 405.05,146.00
405.05,146.00 431.34,105.00 431.34,105.00
433.59,101.54 442.07,89.23 442.37,86.00
442.65,83.13 440.51,79.53 439.25,77.00
439.25,77.00 430.75,60.00 430.75,60.00
428.66,55.82 423.27,43.27 419.79,41.17
417.64,39.87 410.79,39.05 408.00,38.59
408.00,38.59 386.00,34.75 386.00,34.75
386.00,34.75 353.00,29.08 353.00,29.08
348.40,28.32 340.34,26.58 336.00,27.21
332.13,27.78 318.52,34.08 314.00,36.00
314.00,36.00 270.00,54.58 270.00,54.58
270.00,54.58 241.00,66.99 241.00,66.99
237.12,68.59 227.13,72.33 224.30,74.65
221.63,76.83 216.98,83.85 214.63,87.00
214.63,87.00 195.13,113.00 195.13,113.00
195.13,113.00 173.63,142.00 173.63,142.00
171.53,144.80 164.77,153.25 163.95,156.00
162.91,159.51 167.32,170.15 168.69,174.00
168.69,174.00 184.00,218.00 184.00,218.00
184.00,218.00 206.00,219.83 206.00,219.83 Z
M 234.63,139.00
C 233.65,135.08 231.47,128.83 232.74,125.00
233.85,121.67 243.41,109.62 246.13,106.00
249.26,101.82 258.96,88.20 262.17,85.64
265.52,82.96 277.41,78.50 282.00,76.58
287.44,74.29 308.81,64.61 313.00,64.30
313.00,64.30 331.00,66.92 331.00,66.92
331.00,66.92 349.00,70.08 349.00,70.08
351.57,70.51 355.40,70.82 357.37,72.59
359.51,74.52 367.82,92.13 369.75,96.00
370.93,98.36 373.29,102.40 373.11,105.00
372.91,107.71 367.65,115.31 365.95,118.00
365.95,118.00 352.42,139.00 352.42,139.00
350.10,142.72 346.08,149.76 342.82,152.35
339.86,154.71 326.36,159.65 322.00,161.40
322.00,161.40 293.00,172.31 293.00,172.31
293.00,172.31 262.00,171.00 262.00,171.00
262.00,171.00 242.00,170.00 242.00,170.00
242.00,170.00 234.63,139.00 234.63,139.00 Z
M 300.00,96.58
C 295.32,98.54 281.41,103.85 278.17,106.49
275.80,108.43 272.32,113.37 270.42,116.00
268.13,119.18 260.42,128.90 259.86,132.00
259.49,134.02 260.36,136.99 260.87,139.00
261.47,141.31 261.91,144.26 264.30,145.40
265.51,145.98 277.04,146.97 279.00,147.00
293.61,147.17 298.73,143.31 312.00,138.00
315.57,136.57 323.93,133.66 326.47,131.35
328.43,129.58 330.80,125.36 332.34,123.00
334.47,119.75 343.31,106.85 343.77,104.00
344.20,101.36 342.26,97.35 340.37,95.56
337.42,92.78 320.52,90.60 316.00,90.49
310.49,91.48 305.16,94.41 300.00,96.58 Z
M 444.00,133.00
C 444.00,133.00 418.34,173.00 418.34,173.00
415.53,177.30 405.46,191.71 405.60,196.00
405.69,198.74 408.49,204.42 409.76,207.00
409.76,207.00 419.75,227.00 419.75,227.00
419.75,227.00 452.74,295.00 452.74,295.00
452.74,295.00 547.74,491.00 547.74,491.00
547.74,491.00 575.75,549.00 575.75,549.00
579.06,555.62 584.44,569.43 589.00,574.00
589.00,574.00 623.37,527.00 623.37,527.00
623.37,527.00 637.37,506.00 637.37,506.00
637.37,506.00 634.22,496.00 634.22,496.00
634.22,496.00 624.86,476.00 624.86,476.00
624.86,476.00 588.78,398.00 588.78,398.00
588.78,398.00 554.69,324.00 554.69,324.00
554.69,324.00 494.31,194.00 494.31,194.00
494.31,194.00 457.00,114.00 457.00,114.00
452.14,119.22 447.96,126.92 444.00,133.00 Z
M 528.00,202.00
C 528.00,202.00 529.00,203.00 529.00,203.00
529.00,203.00 529.00,202.00 529.00,202.00
529.00,202.00 528.00,202.00 528.00,202.00 Z
M 529.00,204.00
C 529.00,204.00 530.00,205.00 530.00,205.00
530.00,205.00 530.00,204.00 530.00,204.00
530.00,204.00 529.00,204.00 529.00,204.00 Z
M 534.00,215.00
C 534.00,215.00 532.00,208.00 532.00,208.00
531.17,211.34 531.99,212.35 534.00,215.00 Z
M 282.00,248.00
C 282.00,248.00 298.75,284.00 298.75,284.00
298.75,284.00 329.74,347.00 329.74,347.00
329.74,347.00 427.75,548.00 427.75,548.00
427.75,548.00 462.25,619.00 462.25,619.00
462.25,619.00 470.69,636.00 470.69,636.00
470.69,636.00 475.22,642.13 475.22,642.13
475.22,642.13 483.00,639.15 483.00,639.15
483.00,639.15 500.00,629.28 500.00,629.28
500.00,629.28 543.00,604.58 543.00,604.58
543.00,604.58 567.00,591.00 567.00,591.00
567.00,591.00 533.26,521.00 533.26,521.00
533.26,521.00 469.26,389.00 469.26,389.00
469.26,389.00 406.26,259.00 406.26,259.00
406.26,259.00 390.26,226.00 390.26,226.00
390.26,226.00 382.00,209.00 382.00,209.00
382.00,209.00 282.00,248.00 282.00,248.00 Z
M 535.00,218.00
C 535.00,218.00 536.00,219.00 536.00,219.00
536.00,219.00 536.00,218.00 536.00,218.00
536.00,218.00 535.00,218.00 535.00,218.00 Z
M 417.26,586.00
C 417.26,586.00 352.74,453.00 352.74,453.00
352.74,453.00 331.75,410.00 331.75,410.00
331.75,410.00 316.31,379.00 316.31,379.00
316.31,379.00 290.75,326.00 290.75,326.00
290.75,326.00 275.86,296.00 275.86,296.00
275.86,296.00 260.25,264.00 260.25,264.00
259.05,261.60 254.70,252.02 253.30,250.74
251.07,248.69 238.56,248.16 235.00,247.97
235.00,247.97 217.00,246.17 217.00,246.17
217.00,246.17 193.00,244.00 193.00,244.00
193.00,244.00 214.69,291.00 214.69,291.00
214.69,291.00 255.69,380.00 255.69,380.00
255.69,380.00 302.69,482.00 302.69,482.00
302.69,482.00 324.74,530.00 324.74,530.00
324.74,530.00 359.74,606.00 359.74,606.00
359.74,606.00 368.42,625.00 368.42,625.00
369.65,627.82 372.04,633.41 374.39,635.26
377.59,637.79 386.42,636.82 391.00,637.42
391.00,637.42 444.00,641.00 444.00,641.00
444.00,641.00 417.26,586.00 417.26,586.00 Z
M 614.00,385.00
C 614.00,385.00 615.00,386.00 615.00,386.00
615.00,386.00 615.00,385.00 615.00,385.00
615.00,385.00 614.00,385.00 614.00,385.00 Z
M 613.00,386.00
C 613.00,386.00 614.00,387.00 614.00,387.00
614.00,387.00 614.00,386.00 614.00,386.00
614.00,386.00 613.00,386.00 613.00,386.00 Z
M 617.00,397.00
C 617.00,397.00 618.00,398.00 618.00,398.00
618.00,398.00 618.00,397.00 618.00,397.00
618.00,397.00 617.00,397.00 617.00,397.00 Z
M 621.00,404.00
C 621.00,404.00 622.00,405.00 622.00,405.00
622.00,405.00 622.00,404.00 622.00,404.00
622.00,404.00 621.00,404.00 621.00,404.00 Z
M 623.00,406.00
C 623.00,406.00 624.00,407.00 624.00,407.00
624.00,407.00 624.00,406.00 624.00,406.00
624.00,406.00 623.00,406.00 623.00,406.00 Z
M 627.00,410.00
C 627.00,410.00 628.00,411.00 628.00,411.00
628.00,411.00 628.00,410.00 628.00,410.00
628.00,410.00 627.00,410.00 627.00,410.00 Z