M 109.42,76.00
C 109.42,76.00 135.30,18.00 135.30,18.00
 135.30,18.00 143.70,0.99 143.70,0.99
 143.70,0.99 151.00,0.00 151.00,0.00
 151.00,0.00 767.00,0.00 767.00,0.00
 767.00,0.00 755.86,26.00 755.86,26.00
 755.86,26.00 731.86,80.00 731.86,80.00
 731.86,80.00 657.42,247.00 657.42,247.00
 657.42,247.00 632.14,304.00 632.14,304.00
 632.14,304.00 623.51,320.98 623.51,320.98
 623.51,320.98 616.00,322.00 616.00,322.00
 616.00,322.00 0.00,322.00 0.00,322.00
 0.00,322.00 109.42,76.00 109.42,76.00 Z
M 170.00,28.00
C 170.00,28.00 162.64,28.99 162.64,28.99
 162.64,28.99 155.00,44.00 155.00,44.00
 155.00,44.00 134.70,90.00 134.70,90.00
 134.70,90.00 75.14,225.00 75.14,225.00
 75.14,225.00 55.70,269.00 55.70,269.00
 55.70,269.00 43.00,299.00 43.00,299.00
 43.00,299.00 595.00,299.00 595.00,299.00
 595.00,299.00 602.59,297.98 602.59,297.98
 602.59,297.98 611.30,281.00 611.30,281.00
 611.30,281.00 627.86,244.00 627.86,244.00
 627.86,244.00 637.00,222.00 637.00,222.00
 637.00,222.00 180.00,222.00 180.00,222.00
 180.00,222.00 198.86,180.00 198.86,180.00
 198.86,180.00 231.86,105.00 231.86,105.00
 231.86,105.00 253.86,55.00 253.86,55.00
 253.86,55.00 265.00,28.00 265.00,28.00
 265.00,28.00 170.00,28.00 170.00,28.00 Z
M 294.00,28.00
C 294.00,28.00 277.86,66.00 277.86,66.00
 277.86,66.00 239.58,154.00 239.58,154.00
 239.58,154.00 220.00,200.00 220.00,200.00
 220.00,200.00 639.00,200.00 639.00,200.00
 639.00,200.00 646.61,198.98 646.61,198.98
 646.61,198.98 652.86,188.00 652.86,188.00
 652.86,188.00 665.00,161.00 665.00,161.00
 665.00,161.00 704.30,73.00 704.30,73.00
 704.30,73.00 724.00,28.00 724.00,28.00
 724.00,28.00 294.00,28.00 294.00,28.00 Z
M 532.70,166.83
C 519.76,180.33 501.09,179.00 484.00,179.00
 471.61,179.00 451.32,181.43 450.10,164.00
 449.51,155.66 454.66,142.82 457.80,135.00
 462.68,122.83 476.19,91.89 484.18,83.01
 488.96,77.71 494.54,74.20 501.00,71.31
 514.53,65.25 537.85,66.83 553.00,67.00
 559.19,67.08 565.59,67.96 568.84,74.02
 573.46,82.64 566.36,94.67 564.00,103.00
 564.00,103.00 549.00,103.00 549.00,103.00
 550.72,98.69 555.79,88.38 553.74,84.11
 551.76,79.99 545.99,79.76 542.00,79.28
 534.55,78.39 527.38,79.41 520.00,79.91
 513.73,80.34 508.88,79.43 503.00,83.00
 495.05,87.83 491.69,95.10 487.75,103.00
 487.75,103.00 467.72,151.00 467.72,151.00
 466.93,153.64 465.81,157.26 466.78,159.96
 468.18,163.86 472.27,165.14 476.00,165.85
 476.00,165.85 502.00,165.85 502.00,165.85
 506.43,165.94 514.18,165.10 518.00,162.91
 525.23,158.78 530.79,146.82 533.00,139.00
 533.00,139.00 548.00,139.00 548.00,139.00
 544.50,147.74 539.18,160.07 532.70,166.83 Z
M 656.00,68.00
C 665.31,68.01 678.27,69.06 678.96,81.00
 679.39,88.60 676.89,94.28 673.77,101.00
 666.63,116.36 662.77,123.10 646.00,128.00
 648.25,129.13 650.71,130.13 652.26,132.22
 657.45,139.21 647.95,156.00 644.86,163.00
 643.52,166.04 640.01,175.37 637.59,176.98
 635.28,178.50 627.05,178.00 624.00,178.00
 624.00,178.00 634.85,152.00 634.85,152.00
 636.21,148.77 638.53,143.59 637.22,140.10
 635.78,136.24 630.68,134.84 627.00,134.15
 627.00,134.15 595.00,134.15 595.00,134.15
 592.63,134.00 589.29,133.80 587.21,135.02
 584.17,136.82 582.52,141.87 581.14,145.00
 581.14,145.00 571.30,167.00 571.30,167.00
 570.16,169.54 568.33,174.66 566.36,176.40
 563.67,178.79 555.63,178.00 552.00,178.00
 552.00,178.00 562.70,153.00 562.70,153.00
 562.70,153.00 585.30,102.00 585.30,102.00
 585.30,102.00 600.00,68.00 600.00,68.00
 600.00,68.00 656.00,68.00 656.00,68.00 Z
M 633.00,121.28
C 638.92,120.56 642.66,120.75 648.00,117.15
 655.23,112.27 658.98,103.01 661.65,95.00
 662.71,91.81 664.41,87.30 662.22,84.28
 659.61,80.66 653.95,81.01 650.00,81.00
 650.00,81.00 617.00,81.00 617.00,81.00
 614.90,81.00 611.39,80.75 609.65,81.99
 607.83,83.29 604.91,90.63 603.86,93.00
 600.80,99.93 593.21,115.51 592.00,122.00
 592.00,122.00 633.00,121.28 633.00,121.28 Z