M 359.00,4.33
C 389.67,20.57 380.41,67.91 344.00,69.41
 317.86,70.48 299.99,42.13 312.13,19.00
 318.59,6.70 328.78,1.71 342.00,0.59
 347.96,0.65 353.67,1.50 359.00,4.33 Z
M 359.00,90.00
C 374.36,90.02 399.08,95.22 414.00,99.58
 491.81,122.32 551.82,178.18 580.42,254.00
 587.47,272.69 595.76,305.20 596.04,325.00
 596.04,325.00 596.04,335.00 596.04,335.00
 596.04,335.00 596.92,343.00 596.92,343.00
 596.92,343.00 596.00,356.00 596.00,356.00
 595.97,372.12 592.55,391.34 588.52,407.00
 566.81,491.46 502.22,559.11 419.00,584.98
 402.95,589.96 375.60,595.97 359.00,596.00
 359.00,596.00 343.00,596.92 343.00,596.92
 343.00,596.92 335.00,596.04 335.00,596.04
 335.00,596.04 325.00,596.04 325.00,596.04
 304.35,595.75 272.48,587.31 253.00,580.05
 176.36,551.48 117.84,486.22 97.48,407.00
 93.45,391.34 90.03,372.12 90.00,356.00
 90.00,356.00 89.08,343.00 89.08,343.00
 89.08,343.00 89.96,335.00 89.96,335.00
 89.96,335.00 89.96,325.00 89.96,325.00
 89.96,325.00 91.73,309.00 91.73,309.00
 95.70,281.26 102.76,257.37 114.78,232.00
 146.43,165.18 207.32,117.28 278.00,97.74
 288.70,94.79 315.21,90.05 326.00,90.00
 331.02,89.98 333.91,90.15 339.00,89.42
 339.00,89.42 359.00,90.00 359.00,90.00 Z
M 140.00,93.90
C 173.88,109.50 161.20,162.07 124.00,159.91
 103.94,158.74 90.78,143.76 91.00,124.00
 91.12,113.50 95.51,104.14 104.00,97.76
 108.98,94.02 112.02,92.79 118.00,91.46
 125.63,90.41 132.90,90.63 140.00,93.90 Z
M 574.00,93.12
C 602.02,104.04 602.18,144.42 575.00,156.69
 570.39,158.77 564.07,160.20 559.00,159.91
 530.85,158.27 515.59,124.70 534.21,103.00
 539.65,96.67 545.07,93.65 553.00,91.52
 559.55,90.48 567.77,90.69 574.00,93.12 Z
M 261.00,155.43
C 210.63,176.98 169.87,220.67 151.05,272.00
 139.85,302.57 138.63,324.04 139.00,356.00
 139.07,362.00 140.57,371.92 141.59,378.00
 148.65,420.09 167.84,456.84 198.00,487.00
 198.00,487.00 212.00,500.54 212.00,500.54
 231.03,516.20 253.62,528.85 277.00,536.67
 291.80,541.62 314.48,546.81 330.00,547.00
 330.00,547.00 354.00,547.00 354.00,547.00
 383.11,546.95 417.59,535.46 443.00,521.69
 463.73,510.46 487.37,490.34 502.00,472.00
 554.49,406.16 562.21,315.61 521.14,242.00
 509.88,221.83 493.39,202.41 476.00,187.29
 459.71,173.12 439.04,160.99 419.00,153.00
 401.47,146.01 374.85,139.22 356.00,139.14
 356.00,139.14 325.00,139.14 325.00,139.14
 300.03,142.88 284.70,145.29 261.00,155.43 Z
M 362.00,264.04
C 356.53,267.60 351.41,268.94 345.00,269.54
 320.77,271.79 302.55,246.49 310.10,224.00
 315.08,209.19 326.28,202.45 341.00,200.46
 376.29,198.66 391.49,244.84 362.00,264.04 Z
M 278.00,233.89
C 311.14,244.98 307.67,294.89 273.00,300.68
 237.45,306.61 218.53,263.74 243.04,241.18
 248.27,236.37 254.18,233.98 261.00,232.46
 266.96,231.64 272.26,231.97 278.00,233.89 Z
M 431.00,234.09
C 465.01,246.33 459.53,295.72 425.00,300.70
 420.65,301.33 414.21,301.19 410.00,299.96
 381.86,291.70 376.01,256.08 399.00,238.53
 403.65,234.98 408.36,233.53 414.00,232.44
 420.28,231.63 424.99,231.93 431.00,234.09 Z
M 51.00,312.33
C 81.51,328.48 72.51,375.91 36.00,377.41
 10.82,378.44 -6.83,351.92 3.35,329.00
 9.29,315.63 20.06,309.85 34.00,308.59
 39.96,308.64 45.67,309.50 51.00,312.33 Z
M 254.00,372.04
C 248.53,375.60 243.41,376.94 237.00,377.54
 212.77,379.79 194.55,354.49 202.10,332.00
 207.08,317.19 218.28,310.45 233.00,308.46
 268.29,306.66 283.49,352.84 254.00,372.04 Z
M 470.00,372.04
C 464.53,375.60 459.41,376.94 453.00,377.54
 428.77,379.79 410.55,354.49 418.10,332.00
 423.08,317.19 434.28,310.45 449.00,308.46
 484.29,306.66 499.49,352.84 470.00,372.04 Z
M 670.00,372.04
C 664.53,375.60 659.41,376.94 653.00,377.54
 628.77,379.79 610.55,354.49 618.10,332.00
 623.08,317.19 634.28,310.45 649.00,308.46
 684.29,306.66 699.49,352.84 670.00,372.04 Z
M 278.00,386.70
C 282.71,388.36 287.20,390.83 290.83,394.30
 313.56,416.03 296.88,455.25 265.00,453.96
 239.28,452.92 223.72,424.15 236.53,402.00
 241.79,392.90 249.96,387.70 260.00,385.46
 266.14,384.61 272.10,384.62 278.00,386.70 Z
M 431.00,386.75
C 435.74,388.32 439.36,390.67 442.99,394.09
 466.18,415.96 450.06,455.22 418.00,453.96
 389.09,452.83 374.84,419.15 392.68,397.04
 397.72,390.79 404.41,387.56 412.00,385.52
 418.28,384.52 424.93,384.74 431.00,386.75 Z
M 362.00,480.04
C 356.53,483.60 351.41,484.94 345.00,485.54
 320.77,487.79 302.55,462.49 310.10,440.00
 315.08,425.19 326.28,418.45 341.00,416.46
 376.29,414.66 391.49,460.84 362.00,480.04 Z
M 150.90,583.99
C 148.05,587.06 144.75,589.73 141.00,591.62
 134.81,594.75 130.74,595.07 124.00,595.00
 98.61,594.71 83.09,567.37 94.38,545.00
 99.94,533.98 109.29,528.63 121.00,526.44
 152.69,522.40 172.60,560.56 150.90,583.99 Z
M 587.48,582.99
C 584.55,586.62 580.19,589.94 576.00,592.01
 570.35,594.79 565.14,595.07 559.00,595.00
 535.30,594.72 520.08,569.56 528.47,548.00
 533.32,535.51 543.23,528.83 556.00,526.44
 587.22,522.46 607.11,558.67 587.48,582.99 Z
M 362.00,680.04
C 356.53,683.60 351.41,684.94 345.00,685.54
 320.77,687.79 302.55,662.49 310.10,640.00
 315.08,625.19 326.28,618.45 341.00,616.46
 376.29,614.66 391.49,660.84 362.00,680.04 Z