M 232.00,1.00
C 247.71,1.19 270.05,6.02 285.00,11.00
 356.13,34.71 408.15,88.54 428.26,161.00
 431.17,171.50 434.94,194.27 435.00,205.00
 435.00,205.00 435.82,218.00 435.82,218.00
 435.82,218.00 435.00,228.00 435.00,228.00
 434.77,248.09 430.67,267.99 424.33,287.00
 401.09,356.73 345.76,408.62 275.00,428.26
 264.50,431.17 241.73,434.94 231.00,435.00
 231.00,435.00 218.00,435.82 218.00,435.82
 218.00,435.82 204.00,435.00 204.00,435.00
 185.68,434.78 164.31,429.46 147.00,423.67
 126.40,416.77 104.36,405.13 87.00,392.11
 5.23,330.78 -22.13,219.44 20.31,127.00
 47.47,67.84 98.34,25.13 161.00,7.74
 171.01,4.97 193.80,1.12 204.00,1.00
 208.76,0.95 210.09,1.12 215.00,0.43
 215.00,0.43 232.00,1.00 232.00,1.00 Z
M 145.00,54.86
C 101.40,74.14 65.41,112.96 49.69,158.00
 31.34,210.61 38.30,271.71 69.75,318.00
 78.02,330.18 82.79,334.79 93.00,345.00
 113.71,365.71 136.79,380.17 165.00,388.42
 176.66,391.83 192.90,395.85 205.00,396.00
 205.00,396.00 229.00,396.00 229.00,396.00
 252.36,395.96 283.55,385.78 304.00,374.69
 321.71,365.09 330.89,357.11 345.00,343.00
 349.22,338.78 353.62,334.68 357.33,330.00
 409.16,264.82 409.78,169.69 356.54,105.00
 356.54,105.00 345.00,93.00 345.00,93.00
 339.82,87.82 334.80,82.38 329.00,77.89
 313.47,65.86 296.60,56.18 278.00,49.69
 264.72,45.06 242.98,40.02 229.00,40.09
 229.00,40.09 217.00,40.09 217.00,40.09
 217.00,40.09 200.00,40.09 200.00,40.09
 179.47,43.30 164.23,46.36 145.00,54.86 Z
M 233.00,131.89
C 228.77,134.71 224.02,136.03 219.00,136.53
 199.45,138.49 185.04,118.04 191.10,100.00
 194.94,88.57 203.70,83.41 215.00,81.48
 245.78,79.72 254.26,117.76 233.00,131.89 Z
M 152.00,151.03
C 148.36,153.38 143.30,155.03 139.00,155.52
 115.27,158.23 101.56,130.87 114.11,112.00
 119.37,104.09 126.10,101.79 135.00,100.47
 164.37,98.94 174.47,136.55 152.00,151.03 Z
M 313.00,151.03
C 309.36,153.38 304.30,155.03 300.00,155.52
 276.27,158.23 262.56,130.87 275.11,112.00
 280.37,104.09 287.10,101.79 296.00,100.47
 325.37,98.94 335.47,136.55 313.00,151.03 Z
M 233.00,205.89
C 228.77,208.71 224.02,210.03 219.00,210.53
 199.45,212.49 185.04,192.04 191.10,174.00
 194.94,162.57 203.70,157.41 215.00,155.48
 245.78,153.72 254.26,191.76 233.00,205.89 Z
M 152.00,241.03
C 148.36,243.38 143.30,245.03 139.00,245.52
 115.27,248.23 101.56,220.87 114.11,202.00
 119.37,194.09 126.10,191.79 135.00,190.47
 164.37,188.94 174.47,226.55 152.00,241.03 Z
M 313.00,241.03
C 309.36,243.38 304.30,245.03 300.00,245.52
 276.27,248.23 262.56,220.87 275.11,202.00
 280.37,194.09 287.10,191.79 296.00,190.47
 325.37,188.94 335.47,226.55 313.00,241.03 Z
M 233.00,279.89
C 228.77,282.71 224.02,284.03 219.00,284.53
 199.45,286.49 185.04,266.04 191.10,248.00
 194.94,236.57 203.70,231.41 215.00,229.48
 245.78,227.72 254.26,265.76 233.00,279.89 Z
M 152.00,331.03
C 148.36,333.38 143.30,335.03 139.00,335.52
 115.27,338.23 101.56,310.87 114.11,292.00
 119.37,284.09 126.10,281.79 135.00,280.47
 164.37,278.94 174.47,316.55 152.00,331.03 Z
M 313.00,331.03
C 309.36,333.38 304.30,335.03 300.00,335.52
 276.27,338.23 262.56,310.87 275.11,292.00
 280.37,284.09 287.10,281.79 296.00,280.47
 325.37,278.94 335.47,316.55 313.00,331.03 Z
M 233.00,353.89
C 228.77,356.71 224.02,358.03 219.00,358.53
 199.45,360.49 185.04,340.04 191.10,322.00
 194.94,310.57 203.70,305.41 215.00,303.48
 245.78,301.72 254.26,339.76 233.00,353.89 Z