M 13.15,67.00
C 12.86,63.95 14.92,56.64 16.58,54.09
 18.09,51.77 19.92,50.85 20.69,47.91
 21.48,44.88 20.32,40.19 20.09,37.00
 19.32,26.55 18.06,25.32 21.78,15.00
 22.53,12.93 23.40,9.93 24.72,8.22
 26.40,6.05 33.32,1.93 36.00,1.07
 36.00,1.07 43.00,1.07 43.00,1.07
 45.23,0.62 47.80,-0.02 50.00,0.18
 54.01,0.54 54.44,2.41 59.00,1.86
 63.53,1.31 63.49,0.50 68.00,2.93
 70.20,4.11 73.80,6.23 75.27,8.21
 78.48,12.54 80.36,25.43 79.83,31.00
 79.83,31.00 78.18,46.96 78.18,46.96
 78.59,50.55 80.58,51.36 82.28,54.09
 83.50,56.04 85.78,63.73 85.74,66.00
 85.63,72.19 80.61,75.55 75.00,76.00
 78.72,82.78 86.39,81.91 90.69,86.31
 94.33,90.04 92.17,94.63 93.56,99.00
 94.82,102.96 97.99,105.17 98.68,111.00
 99.32,116.40 94.88,123.43 89.00,123.45
 86.95,123.45 84.84,122.41 83.00,121.60
 79.62,120.11 73.99,118.60 72.62,114.90
 71.04,110.64 75.25,106.94 71.16,101.13
 68.09,96.78 64.31,97.65 60.00,96.32
 60.00,96.32 54.00,94.27 54.00,94.27
 46.84,92.93 44.20,94.56 38.00,96.47
 34.14,97.66 29.71,96.89 26.94,103.02
 23.66,110.25 32.23,114.29 22.00,119.37
 20.12,120.30 12.72,123.58 11.00,123.72
 5.56,124.16 0.32,118.19 0.28,113.00
 0.21,106.20 3.96,103.66 5.44,99.00
 6.56,95.47 5.30,91.44 7.17,88.11
 10.39,82.37 20.13,83.05 24.00,76.00
 18.00,75.79 13.78,73.67 13.15,67.00 Z
M 54.00,12.57
C 49.84,11.54 46.85,7.87 42.17,9.74
 40.06,10.59 37.73,13.18 35.96,14.72
 33.73,16.66 30.83,18.43 29.71,21.17
 26.12,28.64 31.14,43.69 29.71,52.00
 28.76,59.04 24.21,56.87 23.00,64.00
 32.56,64.77 30.83,69.83 32.29,77.00
 33.65,83.71 34.40,80.20 33.00,88.00
 33.00,88.00 41.00,85.15 41.00,85.15
 41.00,85.15 63.00,85.15 63.00,85.15
 63.00,85.15 65.67,75.00 65.67,75.00
 65.67,75.00 66.77,68.06 66.77,68.06
 66.77,68.06 75.00,60.00 75.00,60.00
 72.91,58.84 71.26,58.12 70.02,55.89
 67.29,51.01 71.39,34.66 70.83,28.00
 69.87,16.59 67.21,19.57 66.00,12.00
 62.28,12.30 57.55,13.46 54.00,12.57 Z
M 15.00,98.00
C 15.00,98.00 15.00,101.00 15.00,101.00
 15.00,101.00 18.00,101.00 18.00,101.00
 18.00,101.00 18.00,98.00 18.00,98.00
 18.00,98.00 15.00,98.00 15.00,98.00 Z