M 187.04,16.79
C 193.46,18.75 198.92,20.41 204.83,23.95
212.17,28.34 212.70,30.56 218.27,35.78
225.26,42.33 230.82,46.70 236.04,55.17
236.04,55.17 238.87,60.72 238.87,60.72
245.53,71.89 244.93,69.37 248.18,82.00
250.65,91.58 251.98,88.84 252.00,101.00
252.00,101.00 252.00,121.00 252.00,121.00
251.95,131.51 250.74,131.06 247.99,140.00
247.99,140.00 246.28,147.91 246.28,147.91
244.93,151.50 232.92,171.44 230.41,174.57
227.94,177.64 226.02,178.87 223.41,181.40
219.50,185.19 214.19,191.22 209.83,194.05
209.83,194.05 189.91,204.98 189.91,204.98
189.91,204.98 184.17,206.52 184.17,206.52
184.17,206.52 178.91,209.30 178.91,209.30
178.91,209.30 172.06,211.03 172.06,211.03
167.64,212.83 168.66,215.42 166.28,218.63
161.20,225.47 157.01,226.10 149.00,226.00
135.68,225.82 135.05,215.07 127.83,210.99
127.83,210.99 117.00,206.52 117.00,206.52
117.00,206.52 111.17,204.71 111.17,204.71
111.17,204.71 106.83,201.88 106.83,201.88
106.83,201.88 99.00,198.55 99.00,198.55
87.64,192.03 81.89,185.92 73.59,176.27
73.59,176.27 66.61,168.58 66.61,168.58
64.01,165.18 57.20,152.09 55.70,148.00
55.70,148.00 53.46,137.00 53.46,137.00
53.46,137.00 50.72,131.00 50.72,131.00
50.72,131.00 49.00,114.00 49.00,114.00
49.00,114.00 50.31,92.00 50.31,92.00
50.31,92.00 53.73,84.00 53.73,84.00
53.73,84.00 55.12,76.00 55.12,76.00
55.76,73.15 59.99,63.58 61.55,61.00
61.55,61.00 78.61,39.41 78.61,39.41
78.61,39.41 88.57,31.36 88.57,31.36
91.45,28.87 93.88,25.85 97.17,23.81
97.17,23.81 109.01,17.80 109.01,17.80
109.01,17.80 115.00,16.43 115.00,16.43
115.00,16.43 122.00,13.03 122.00,13.03
125.10,11.93 127.69,12.38 130.54,10.59
137.12,6.43 133.81,3.61 148.00,0.60
153.37,-0.54 161.17,1.49 163.00,7.00
167.00,7.70 167.30,8.00 168.00,12.00
183.89,12.01 179.87,14.60 187.04,16.79 Z
M 171.00,192.53
C 176.06,191.99 194.40,184.16 198.71,181.18
198.71,181.18 207.87,172.42 207.87,172.42
207.87,172.42 219.58,160.76 219.58,160.76
221.26,158.42 228.13,145.38 229.03,142.83
229.03,142.83 230.54,137.00 230.54,137.00
231.52,134.37 233.03,132.85 233.92,130.00
233.92,130.00 233.92,122.00 233.92,122.00
234.84,111.00 235.27,112.51 233.92,101.00
233.92,101.00 233.92,91.17 233.92,91.17
233.17,88.76 231.61,87.23 230.69,84.96
230.69,84.96 228.59,78.00 228.59,78.00
227.11,74.57 221.51,64.29 219.22,61.27
214.00,54.39 200.27,41.19 192.72,36.88
192.72,36.88 186.00,34.28 186.00,34.28
181.30,32.31 175.36,29.14 170.04,30.32
165.83,31.26 157.31,40.72 151.00,40.79
143.91,40.87 134.04,30.89 131.79,30.30
124.11,28.26 116.13,35.23 107.00,36.00
103.32,43.11 95.03,46.29 89.47,51.71
87.23,53.89 74.77,72.22 73.23,75.28
72.19,77.36 71.91,79.78 71.23,82.00
71.23,82.00 68.63,89.00 68.63,89.00
66.51,96.39 66.91,109.99 67.00,118.00
67.03,120.56 68.02,130.83 68.63,133.00
68.63,133.00 71.40,140.00 71.40,140.00
71.40,140.00 73.39,146.72 73.39,146.72
75.58,151.16 86.60,166.40 90.10,169.90
90.10,169.90 96.58,175.20 96.58,175.20
99.47,177.60 101.93,180.40 105.17,182.36
110.82,185.78 126.62,192.79 133.00,192.54
139.27,192.30 139.19,189.46 143.10,187.89
146.70,186.44 156.55,186.47 159.71,188.85
161.17,189.95 161.21,190.56 162.00,192.00
165.00,192.24 167.98,192.85 171.00,192.53 Z
M 165.00,62.70
C 170.01,64.42 173.30,67.66 177.42,70.55
177.42,70.55 183.41,74.34 183.41,74.34
187.10,77.36 195.10,87.72 196.86,92.09
197.86,94.59 198.68,109.94 198.49,113.00
198.22,117.18 198.16,126.67 196.86,129.96
195.93,132.31 194.39,134.07 192.99,136.13
183.20,150.47 167.07,161.93 149.00,160.91
149.00,160.91 138.00,159.28 138.00,159.28
128.79,156.11 116.43,147.64 110.80,139.55
110.80,139.55 108.11,134.09 108.11,134.09
108.11,134.09 104.73,128.83 104.73,128.83
103.47,125.68 104.39,121.04 103.70,118.09
102.96,114.92 100.85,113.65 100.85,110.96
100.85,108.31 102.95,106.42 103.70,103.00
104.36,100.00 103.52,96.33 104.73,93.00
105.40,91.16 106.57,89.67 107.55,88.00
107.55,88.00 111.10,81.74 111.10,81.74
116.46,74.65 130.34,64.60 139.00,62.70
144.23,61.73 160.20,61.52 165.00,62.70 Z
M 13.00,241.00
C 0.61,240.83 -3.78,229.23 4.11,223.74
7.65,221.27 15.63,222.00 20.00,222.00
24.87,222.00 39.19,221.38 42.91,223.01
45.34,224.07 46.73,225.80 48.42,227.76
51.52,231.35 52.33,232.24 53.00,237.00
60.20,238.16 71.79,249.86 73.00,257.00
80.99,258.35 77.46,261.82 87.00,262.00
87.00,262.00 132.00,262.00 132.00,262.00
134.79,262.00 138.25,261.77 140.74,263.16
148.03,267.21 149.76,275.34 141.71,279.98
139.56,281.22 136.43,281.00 134.00,281.00
134.00,281.00 80.00,281.00 80.00,281.00
77.73,281.00 74.27,281.15 72.21,280.27
67.15,278.10 54.56,262.55 49.98,257.95
45.53,253.48 36.94,246.96 35.00,241.00
35.00,241.00 13.00,241.00 13.00,241.00 Z
M 245.91,236.58
C 250.08,232.67 255.05,225.72 260.00,223.31
264.37,221.19 280.34,221.97 286.00,222.00
290.44,222.02 295.33,222.03 298.77,225.30
303.70,229.97 300.19,236.85 294.74,239.44
290.89,241.28 280.01,239.94 275.00,240.00
266.10,240.13 264.91,243.78 258.82,249.46
258.82,249.46 238.25,271.25 238.25,271.25
235.61,273.88 231.29,278.80 227.96,280.11
225.37,281.13 221.78,281.00 219.00,281.00
219.00,281.00 169.00,281.00 169.00,281.00
165.48,280.99 160.34,281.17 157.43,278.91
152.13,274.80 155.28,266.78 160.02,263.85
163.15,261.92 166.47,262.02 170.00,262.00
170.00,262.00 186.00,263.00 186.00,263.00
186.00,263.00 204.00,263.00 204.00,263.00
207.93,263.00 215.50,263.29 218.99,262.28
225.60,260.35 227.54,254.01 234.00,252.00
235.06,245.70 241.42,240.78 245.91,236.58 Z
M 154.86,284.77
C 156.34,285.67 160.50,292.09 162.15,294.13
162.15,294.13 172.72,306.21 172.72,306.21
172.72,306.21 179.44,315.72 179.44,315.72
181.28,318.11 187.24,323.97 186.83,326.93
186.22,331.46 179.26,330.99 176.00,330.96
176.00,330.96 125.00,330.96 125.00,330.96
125.00,330.96 120.02,330.96 120.02,330.96
115.26,330.35 113.06,327.49 115.57,323.00
118.58,317.64 124.76,313.27 127.49,309.83
132.40,303.67 135.11,294.01 144.00,292.00
144.79,287.05 149.62,281.60 154.86,284.77 Z