M 579.00,2.00
C 579.00,2.00 562.95,30.00 562.95,30.00
562.95,30.00 555.24,41.43 555.24,41.43
555.24,41.43 547.00,43.00 547.00,43.00
547.00,43.00 280.00,43.00 280.00,43.00
280.00,43.00 271.53,41.40 271.53,41.40
271.53,41.40 263.32,29.00 263.32,29.00
263.32,29.00 247.00,2.00 247.00,2.00
247.00,2.00 579.00,2.00 579.00,2.00 Z
M 662.00,44.00
C 662.00,44.00 679.58,73.00 679.58,73.00
679.58,73.00 704.19,113.00 704.19,113.00
704.19,113.00 779.42,236.00 779.42,236.00
779.42,236.00 813.20,291.00 813.20,291.00
813.20,291.00 828.00,317.00 828.00,317.00
828.00,317.00 788.00,317.00 788.00,317.00
778.35,316.98 779.02,315.29 771.60,303.00
771.60,303.00 749.58,267.00 749.58,267.00
749.58,267.00 667.40,133.00 667.40,133.00
667.40,133.00 645.95,98.00 645.95,98.00
644.03,94.94 638.01,86.19 637.91,83.00
637.82,79.97 642.14,73.77 643.80,71.00
643.80,71.00 660.00,44.00 660.00,44.00
660.00,44.00 662.00,44.00 662.00,44.00 Z
M 167.00,45.00
C 167.00,45.00 183.60,72.00 183.60,72.00
185.31,74.85 189.48,80.82 189.31,84.00
189.16,86.90 183.01,95.98 181.20,99.00
181.20,99.00 160.32,133.00 160.32,133.00
160.32,133.00 87.40,252.00 87.40,252.00
87.40,252.00 57.81,300.00 57.81,300.00
55.32,304.07 50.05,314.74 45.91,316.40
44.12,317.12 40.97,317.00 39.00,317.00
39.00,317.00 0.00,317.00 0.00,317.00
1.62,310.20 12.10,294.69 16.32,288.00
16.32,288.00 48.19,236.00 48.19,236.00
48.19,236.00 117.42,123.00 117.42,123.00
117.42,123.00 144.42,79.00 144.42,79.00
144.42,79.00 165.00,45.00 165.00,45.00
165.00,45.00 167.00,45.00 167.00,45.00 Z
M 339.66,367.00
C 339.66,367.00 348.58,337.00 348.58,337.00
348.58,337.00 353.70,322.39 353.70,322.39
353.70,322.39 371.00,313.58 371.00,313.58
371.00,313.58 407.00,297.70 407.00,297.70
407.00,297.70 495.00,258.70 495.00,258.70
495.00,258.70 545.00,237.00 545.00,237.00
545.00,237.00 544.00,253.00 544.00,253.00
544.00,253.00 543.00,276.00 543.00,276.00
543.00,276.00 542.00,291.00 542.00,291.00
542.00,291.00 540.00,329.00 540.00,329.00
540.00,329.00 539.00,344.00 539.00,344.00
539.00,344.00 539.00,348.00 539.00,348.00
539.00,348.00 538.00,363.00 538.00,363.00
538.00,363.00 536.98,371.61 536.98,371.61
536.98,371.61 524.00,379.25 524.00,379.25
524.00,379.25 489.00,396.22 489.00,396.22
489.00,396.22 358.00,459.31 358.00,459.31
358.00,459.31 323.00,476.31 323.00,476.31
323.00,476.31 305.00,484.00 305.00,484.00
305.00,484.00 339.66,367.00 339.66,367.00 Z
M 39.00,408.00
C 48.90,408.02 47.00,408.21 56.32,423.00
56.32,423.00 85.05,470.00 85.05,470.00
85.05,470.00 158.05,589.00 158.05,589.00
158.05,589.00 178.81,623.00 178.81,623.00
180.75,626.16 187.43,635.96 187.77,639.00
188.14,642.30 184.43,647.23 182.68,650.00
178.24,657.05 169.59,673.26 164.00,678.00
164.00,678.00 153.95,662.00 153.95,662.00
153.95,662.00 130.58,624.00 130.58,624.00
130.58,624.00 51.58,495.00 51.58,495.00
51.58,495.00 16.58,438.00 16.58,438.00
12.04,430.67 1.46,415.67 0.00,408.00
0.00,408.00 39.00,408.00 39.00,408.00 Z
M 645.19,651.00
C 643.21,647.77 639.30,642.87 639.86,639.00
640.32,635.79 647.33,625.43 649.40,622.00
649.40,622.00 673.32,583.00 673.32,583.00
673.32,583.00 749.40,459.00 749.40,459.00
749.40,459.00 771.58,423.00 771.58,423.00
780.38,408.79 778.68,408.02 789.00,408.00
789.00,408.00 828.00,408.00 828.00,408.00
826.62,414.77 818.68,425.69 814.81,432.00
814.81,432.00 784.20,482.00 784.20,482.00
784.20,482.00 701.42,617.00 701.42,617.00
701.42,617.00 676.81,657.00 676.81,657.00
672.81,663.52 667.53,674.17 662.00,679.00
662.00,679.00 645.19,651.00 645.19,651.00 Z
M 261.19,695.00
C 261.19,695.00 269.21,684.02 269.21,684.02
269.21,684.02 277.00,683.00 277.00,683.00
277.00,683.00 551.00,683.00 551.00,683.00
551.00,683.00 558.39,683.99 558.39,683.99
558.39,683.99 566.05,695.00 566.05,695.00
566.05,695.00 582.00,722.00 582.00,722.00
582.00,722.00 245.00,722.00 245.00,722.00
245.00,722.00 261.19,695.00 261.19,695.00 Z