M 212.00,0.00
C 212.00,0.00 285.00,0.00 285.00,0.00
285.00,0.00 534.00,0.00 534.00,0.00
535.82,0.00 539.06,-0.14 540.68,0.57
544.18,2.11 549.97,13.32 552.20,17.00
552.20,17.00 581.80,65.00 581.80,65.00
581.80,65.00 681.60,228.00 681.60,228.00
681.60,228.00 708.68,272.00 708.68,272.00
711.04,275.74 720.00,289.56 720.48,293.00
721.08,297.33 714.20,307.04 711.80,311.00
711.80,311.00 684.05,356.00 684.05,356.00
684.05,356.00 579.95,526.00 579.95,526.00
579.95,526.00 551.60,572.00 551.60,572.00
549.48,575.52 544.05,585.95 540.68,587.43
539.06,588.14 535.82,588.00 534.00,588.00
534.00,588.00 187.00,588.00 187.00,588.00
184.76,588.00 181.44,588.24 179.53,587.01
177.42,585.65 174.60,580.31 173.19,578.00
173.19,578.00 160.20,557.00 160.20,557.00
160.20,557.00 98.32,456.00 98.32,456.00
98.32,456.00 26.58,339.00 26.58,339.00
26.58,339.00 7.58,308.00 7.58,308.00
5.52,304.70 0.44,297.73 0.44,294.00
0.44,290.15 9.89,276.08 12.42,272.00
12.42,272.00 44.40,220.00 44.40,220.00
44.40,220.00 137.58,68.00 137.58,68.00
137.58,68.00 165.19,23.00 165.19,23.00
168.37,17.81 175.73,4.57 179.53,0.99
184.51,-0.97 205.30,0.00 212.00,0.00 Z
M 193.32,56.00
C 193.32,56.00 169.95,94.00 169.95,94.00
169.95,94.00 84.05,234.00 84.05,234.00
84.05,234.00 57.68,277.00 57.68,277.00
55.25,280.86 48.24,290.71 48.86,295.00
49.26,297.79 54.68,306.19 56.42,309.00
56.42,309.00 73.68,337.00 73.68,337.00
73.68,337.00 130.80,430.00 130.80,430.00
130.80,430.00 185.81,520.00 185.81,520.00
185.81,520.00 197.00,538.00 197.00,538.00
198.42,540.36 201.18,545.61 203.38,546.98
205.37,548.22 208.69,548.00 211.00,548.00
211.00,548.00 510.00,548.00 510.00,548.00
519.45,547.98 518.61,547.23 526.60,534.00
526.60,534.00 546.81,501.00 546.81,501.00
546.81,501.00 640.19,349.00 640.19,349.00
640.19,349.00 665.20,308.00 665.20,308.00
667.58,304.03 673.48,296.57 672.11,292.00
672.11,292.00 659.80,271.00 659.80,271.00
659.80,271.00 632.05,226.00 632.05,226.00
632.05,226.00 594.19,164.00 594.19,164.00
594.19,164.00 553.00,97.00 553.00,97.00
553.00,97.00 526.68,54.00 526.68,54.00
517.96,40.16 519.46,40.02 510.00,40.00
510.00,40.00 303.00,40.00 303.00,40.00
303.00,40.00 237.00,40.00 237.00,40.00
237.00,40.00 204.21,40.60 204.21,40.60
199.60,43.65 196.33,51.23 193.32,56.00 Z
M 394.71,83.00
C 394.71,83.00 408.71,131.00 408.71,131.00
408.71,131.00 413.86,149.00 413.86,149.00
414.48,151.21 415.77,154.79 415.22,157.00
414.30,160.70 403.23,170.77 400.00,174.00
400.00,174.00 362.00,212.00 362.00,212.00
362.00,212.00 382.00,211.00 382.00,211.00
382.00,211.00 400.00,210.00 400.00,210.00
400.00,210.00 417.00,209.00 417.00,209.00
417.00,209.00 435.00,208.00 435.00,208.00
435.00,208.00 462.00,207.00 462.00,207.00
462.00,207.00 475.00,206.00 475.00,206.00
477.77,205.97 484.70,205.75 487.00,206.60
491.97,208.43 506.15,225.12 511.00,230.00
511.00,230.00 522.04,242.00 522.04,242.00
522.04,242.00 568.09,291.00 568.09,291.00
574.18,297.54 591.48,314.44 595.00,321.00
595.00,321.00 567.00,329.42 567.00,329.42
567.00,329.42 524.00,342.00 524.00,342.00
524.00,342.00 507.00,346.98 507.00,346.98
507.00,346.98 497.00,348.36 497.00,348.36
497.00,348.36 480.00,333.00 480.00,333.00
480.00,333.00 443.00,296.00 443.00,296.00
443.00,296.00 444.00,323.00 444.00,323.00
444.00,323.00 445.00,342.00 445.00,342.00
445.00,342.00 446.00,357.00 446.00,357.00
446.00,357.00 447.00,382.00 447.00,382.00
447.00,382.00 447.99,396.00 447.99,396.00
447.99,396.00 447.99,421.00 447.99,421.00
447.99,421.00 438.00,431.99 438.00,431.99
438.00,431.99 414.00,454.17 414.00,454.17
414.00,454.17 387.00,479.91 387.00,479.91
387.00,479.91 363.00,502.04 363.00,502.04
363.00,502.04 333.00,529.00 333.00,529.00
333.00,529.00 326.42,505.00 326.42,505.00
326.42,505.00 313.00,459.00 313.00,459.00
313.00,459.00 307.58,440.00 307.58,440.00
306.90,437.62 305.37,433.36 305.90,431.00
306.76,427.17 316.82,418.18 320.00,415.00
320.00,415.00 359.00,376.00 359.00,376.00
359.00,376.00 322.00,378.00 322.00,378.00
322.00,378.00 306.00,379.00 306.00,379.00
306.00,379.00 281.00,380.00 281.00,380.00
281.00,380.00 267.00,381.04 267.00,381.04
267.00,381.04 257.00,381.04 257.00,381.04
257.00,381.04 247.00,382.00 247.00,382.00
247.00,382.00 234.00,381.40 234.00,381.40
234.00,381.40 224.04,373.00 224.04,373.00
224.04,373.00 206.42,354.00 206.42,354.00
206.42,354.00 177.09,323.00 177.09,323.00
177.09,323.00 154.99,299.00 154.99,299.00
154.99,299.00 126.00,267.00 126.00,267.00
126.00,267.00 145.00,261.28 145.00,261.28
145.00,261.28 196.00,246.34 196.00,246.34
196.00,246.34 215.00,240.86 215.00,240.86
215.00,240.86 224.00,239.64 224.00,239.64
224.00,239.64 241.00,255.00 241.00,255.00
241.00,255.00 278.00,292.00 278.00,292.00
278.00,292.00 277.00,263.00 277.00,263.00
277.00,263.00 276.00,244.00 276.00,244.00
276.00,244.00 275.00,229.00 275.00,229.00
275.00,229.00 274.00,203.00 274.00,203.00
274.00,203.00 273.00,189.00 273.00,189.00
273.00,189.00 272.17,173.00 272.17,173.00
271.63,165.92 276.19,162.57 281.00,158.09
281.00,158.09 306.00,134.99 306.00,134.99
306.00,134.99 337.00,105.91 337.00,105.91
337.00,105.91 387.00,59.00 387.00,59.00
389.29,62.86 393.21,77.78 394.71,83.00 Z
M 324.00,249.00
C 324.00,249.00 307.04,266.00 307.04,266.00
307.04,266.00 298.97,274.96 298.97,274.96
298.97,274.96 280.00,295.00 280.00,295.00
280.00,295.00 315.00,330.00 315.00,330.00
315.00,330.00 340.00,354.28 340.00,354.28
340.00,354.28 353.00,367.04 353.00,367.04
354.63,368.60 357.87,372.13 360.00,372.66
362.48,373.28 364.31,371.45 366.00,369.94
366.00,369.94 379.00,357.00 379.00,357.00
379.00,357.00 426.00,310.00 426.00,310.00
429.01,306.99 440.69,297.09 439.66,293.00
439.10,290.73 434.74,286.74 433.00,285.00
433.00,285.00 418.00,270.00 418.00,270.00
418.00,270.00 361.00,213.00 361.00,213.00
361.00,213.00 324.00,249.00 324.00,249.00 Z