M 270.00,0.00
C 270.00,0.00 270.00,500.00 270.00,500.00
 270.00,500.00 162.00,500.00 162.00,500.00
 162.00,500.00 162.00,0.00 162.00,0.00
 162.00,0.00 270.00,0.00 270.00,0.00 Z
M 432.00,164.00
C 432.00,164.00 432.00,500.00 432.00,500.00
 432.00,500.00 324.00,500.00 324.00,500.00
 324.00,500.00 324.00,164.00 324.00,164.00
 324.00,164.00 432.00,164.00 432.00,164.00 Z
M 108.00,299.00
C 108.00,299.00 108.00,500.00 108.00,500.00
 108.00,500.00 0.00,500.00 0.00,500.00
 0.00,500.00 0.00,299.00 0.00,299.00
 0.00,299.00 108.00,299.00 108.00,299.00 Z
