M 447.20,28.00
C 447.20,28.00 478.60,80.00 478.60,80.00
 478.60,80.00 578.60,246.00 578.60,246.00
 578.60,246.00 770.40,564.00 770.40,564.00
 770.40,564.00 831.40,665.00 831.40,665.00
 831.40,665.00 849.40,695.00 849.40,695.00
 849.40,695.00 860.00,714.00 860.00,714.00
 860.00,714.00 1.00,714.00 1.00,714.00
 1.00,714.00 15.80,688.00 15.80,688.00
 15.80,688.00 44.20,641.00 44.20,641.00
 44.20,641.00 135.80,489.00 135.80,489.00
 135.80,489.00 430.00,1.00 430.00,1.00
 430.00,1.00 447.20,28.00 447.20,28.00 Z
M 420.80,194.00
C 420.80,194.00 404.60,221.00 404.60,221.00
 404.60,221.00 351.58,309.00 351.58,309.00
 351.58,309.00 228.58,513.00 228.58,513.00
 228.58,513.00 187.58,581.00 187.58,581.00
 187.58,581.00 172.40,606.00 172.40,606.00
 172.40,606.00 164.00,622.00 164.00,622.00
 164.00,622.00 697.00,622.00 697.00,622.00
 697.00,622.00 688.00,605.00 688.00,605.00
 688.00,605.00 670.40,576.00 670.40,576.00
 670.40,576.00 612.00,479.00 612.00,479.00
 612.00,479.00 500.40,294.00 500.40,294.00
 500.40,294.00 458.20,224.00 458.20,224.00
 458.20,224.00 431.00,179.00 431.00,179.00
 431.00,179.00 420.80,194.00 420.80,194.00 Z
M 432.00,409.22
C 439.95,409.09 448.81,411.11 456.00,414.49
 496.09,433.31 502.07,487.85 468.00,515.53
 462.33,520.14 456.90,523.05 450.00,525.33
 443.91,527.34 435.40,528.89 429.00,528.49
 419.41,527.88 410.53,526.33 402.00,521.56
 367.81,502.47 359.78,455.63 387.17,427.09
 397.21,416.63 409.01,411.72 423.00,409.22
 423.00,409.22 432.00,409.22 432.00,409.22 Z
M 706.00,807.00
C 706.00,807.00 706.00,899.00 706.00,899.00
 706.00,899.00 155.00,899.00 155.00,899.00
 155.00,899.00 155.00,807.00 155.00,807.00
 155.00,807.00 706.00,807.00 706.00,807.00 Z
