M 280.00,0.00
C 280.00,0.00 469.20,314.00 469.20,314.00
469.20,314.00 527.06,410.00 527.06,410.00
527.06,410.00 547.00,443.00 547.00,443.00
547.00,443.00 558.00,463.00 558.00,463.00
558.00,463.00 0.00,463.00 0.00,463.00
0.00,463.00 9.80,445.00 9.80,445.00
9.80,445.00 29.19,413.00 29.19,413.00
29.19,413.00 87.00,317.00 87.00,317.00
87.00,317.00 278.00,0.00 278.00,0.00
278.00,0.00 280.00,0.00 280.00,0.00 Z
M 278.00,118.00
C 278.00,118.00 234.40,191.00 234.40,191.00
234.40,191.00 142.80,343.00 142.80,343.00
142.80,343.00 107.00,403.00 107.00,403.00
107.00,403.00 451.00,403.00 451.00,403.00
451.00,403.00 406.20,328.00 406.20,328.00
406.20,328.00 321.94,188.00 321.94,188.00
321.94,188.00 294.80,143.00 294.80,143.00
294.80,143.00 280.00,118.00 280.00,118.00
280.00,118.00 278.00,118.00 278.00,118.00 Z
M 306.71,275.44
C 326.17,294.23 320.74,328.42 296.00,339.69
287.97,343.35 284.53,343.10 276.00,343.00
259.81,342.81 245.12,330.52 240.93,315.00
239.77,310.74 239.98,306.37 240.00,302.00
240.09,283.47 252.55,270.21 270.00,265.52
283.45,263.39 296.63,265.70 306.71,275.44 Z