M 358.00,2.00
C 358.00,2.00 601.00,405.00 601.00,405.00
 601.00,405.00 677.00,531.00 677.00,531.00
 677.00,531.00 700.60,570.00 700.60,570.00
 700.60,570.00 713.00,592.00 713.00,592.00
 713.00,592.00 1.00,592.00 1.00,592.00
 1.00,592.00 13.40,570.00 13.40,570.00
 13.40,570.00 37.00,531.00 37.00,531.00
 37.00,531.00 113.00,405.00 113.00,405.00
 113.00,405.00 356.00,2.00 356.00,2.00
 356.00,2.00 358.00,2.00 358.00,2.00 Z
M 356.00,149.00
C 356.00,149.00 243.20,336.00 243.20,336.00
 243.20,336.00 207.19,396.00 207.19,396.00
 207.19,396.00 158.80,476.00 158.80,476.00
 153.84,484.27 138.17,508.57 136.00,516.00
 136.00,516.00 578.00,516.00 578.00,516.00
 575.83,508.57 560.16,484.27 555.20,476.00
 555.20,476.00 506.81,396.00 506.81,396.00
 506.81,396.00 470.80,336.00 470.80,336.00
 470.80,336.00 358.00,149.00 358.00,149.00
 358.00,149.00 356.00,149.00 356.00,149.00 Z
M 368.00,340.45
C 410.52,349.15 420.43,407.93 384.00,430.53
 373.70,436.93 365.79,438.13 354.00,438.00
 318.36,437.58 297.86,397.89 312.32,367.00
 320.22,350.12 334.35,342.32 352.00,339.43
 358.13,338.67 361.99,339.22 368.00,340.45 Z
M 586.00,669.00
C 586.00,669.00 586.00,745.00 586.00,745.00
 586.00,745.00 128.00,745.00 128.00,745.00
 128.00,745.00 128.00,669.00 128.00,669.00
 128.00,669.00 586.00,669.00 586.00,669.00 Z
M 586.00,823.00
C 586.00,823.00 586.00,899.00 586.00,899.00
 586.00,899.00 128.00,899.00 128.00,899.00
 128.00,899.00 128.00,823.00 128.00,823.00
 128.00,823.00 586.00,823.00 586.00,823.00 Z