M 306.00,2.00
C 306.00,2.00 511.40,343.00 511.40,343.00
 511.40,343.00 577.20,452.00 577.20,452.00
 577.20,452.00 609.00,506.00 609.00,506.00
 609.00,506.00 1.00,506.00 1.00,506.00
 1.00,506.00 32.80,452.00 32.80,452.00
 32.80,452.00 98.60,343.00 98.60,343.00
 98.60,343.00 304.00,2.00 304.00,2.00
 304.00,2.00 306.00,2.00 306.00,2.00 Z
M 304.00,127.00
C 304.00,127.00 259.20,202.00 259.20,202.00
 259.20,202.00 165.80,357.00 165.80,357.00
 165.80,357.00 132.60,412.00 132.60,412.00
 132.60,412.00 116.00,441.00 116.00,441.00
 116.00,441.00 494.00,441.00 494.00,441.00
 494.00,441.00 477.40,412.00 477.40,412.00
 477.40,412.00 444.80,358.00 444.80,358.00
 444.80,358.00 350.80,202.00 350.80,202.00
 350.80,202.00 321.40,153.00 321.40,153.00
 321.40,153.00 306.00,127.00 306.00,127.00
 306.00,127.00 304.00,127.00 304.00,127.00 Z
M 333.91,363.70
C 327.05,370.01 318.09,373.28 309.00,374.57
 303.57,375.35 297.21,374.34 292.00,372.64
 272.83,366.38 262.78,350.77 263.00,331.00
 263.26,308.79 278.78,293.91 300.00,290.43
 341.92,285.26 362.70,337.23 333.91,363.70 Z
M 500.00,572.00
C 500.00,572.00 500.00,637.00 500.00,637.00
 500.00,637.00 110.00,637.00 110.00,637.00
 110.00,637.00 110.00,572.00 110.00,572.00
 110.00,572.00 500.00,572.00 500.00,572.00 Z
M 500.00,704.00
C 500.00,704.00 500.00,768.00 500.00,768.00
 500.00,768.00 110.00,768.00 110.00,768.00
 110.00,768.00 110.00,704.00 110.00,704.00
 110.00,704.00 500.00,704.00 500.00,704.00 Z
M 500.00,835.00
C 500.00,835.00 500.00,900.00 500.00,900.00
 500.00,900.00 110.00,900.00 110.00,900.00
 110.00,900.00 110.00,835.00 110.00,835.00
 110.00,835.00 500.00,835.00 500.00,835.00 Z