M 80.34,10.04
C 81.16,12.71 79.72,15.12 76.94,15.58
72.75,16.28 68.09,11.75 65.42,11.35
62.03,10.83 57.44,15.65 53.02,15.64
48.70,15.63 44.36,10.40 55.00,4.02
57.75,2.37 59.01,1.75 62.00,0.65
67.36,-0.15 78.63,4.42 80.34,10.04 Z
M 80.86,119.91
C 76.42,127.39 61.16,128.95 54.00,125.31
46.82,121.66 44.60,112.23 47.26,105.00
50.03,97.48 55.94,97.05 57.98,93.73
59.21,91.73 59.00,88.31 59.00,86.00
59.00,86.00 59.00,66.00 59.00,66.00
59.00,63.66 59.23,60.41 57.98,58.37
56.34,55.70 51.65,53.93 49.09,48.00
45.70,40.17 49.81,27.88 58.00,24.74
60.16,23.91 63.67,23.95 66.00,24.02
70.19,24.13 75.64,25.34 78.78,28.30
84.06,33.30 84.08,44.02 80.64,50.00
76.03,57.98 71.33,55.78 69.02,59.31
67.79,61.19 68.00,64.78 68.00,67.00
68.00,67.00 68.00,95.00 68.00,95.00
84.51,96.17 84.74,113.39 80.86,119.91 Z
M 22.34,30.91
C 20.99,35.22 13.16,37.59 10.60,40.61
8.44,43.15 9.02,47.81 9.00,51.00
8.98,54.46 8.67,61.23 3.14,59.34
0.00,58.27 0.05,54.72 0.00,52.00
-0.06,48.38 -0.51,37.87 1.02,35.10
2.82,31.85 11.47,27.41 15.00,25.82
18.69,24.99 24.01,25.59 22.34,30.91 Z
M 113.00,25.45
C 117.46,26.04 128.77,32.84 130.40,37.04
131.33,39.44 131.06,51.69 131.00,55.00
130.93,58.40 130.16,64.06 125.14,62.34
118.92,60.22 124.47,46.52 120.40,41.38
117.40,37.58 109.13,35.79 107.66,30.96
106.89,28.45 107.81,27.67 109.31,26.04
111.05,25.48 110.92,25.17 113.00,25.45 Z
M 67.94,47.34
C 72.62,45.90 72.61,38.82 70.98,36.51
69.43,34.32 66.46,34.07 64.04,33.89
53.58,36.87 61.46,49.34 67.94,47.34 Z
M 0.66,73.14
C 2.53,67.63 12.43,71.62 16.73,68.98
18.31,68.01 25.03,56.56 34.00,56.30
40.40,56.12 49.98,60.11 52.98,66.00
54.05,68.12 54.11,71.57 54.42,74.00
55.01,78.55 54.75,82.85 52.08,86.82
42.86,100.51 19.38,96.15 18.00,79.00
13.98,79.00 -2.02,80.98 0.66,73.14 Z
M 127.85,70.60
C 131.18,72.05 131.48,76.10 128.69,77.98
126.99,79.12 123.99,78.99 122.00,79.00
119.53,79.02 115.48,78.69 113.39,80.02
110.10,82.12 110.22,86.93 103.98,91.03
92.95,98.30 77.40,91.91 77.02,78.00
76.87,72.68 77.07,67.30 81.22,63.39
87.41,57.56 95.72,57.00 103.00,60.66
108.19,63.27 109.75,64.16 111.00,70.00
114.15,70.00 125.65,69.63 127.85,70.60 Z
M 39.94,82.82
C 44.65,81.03 45.42,73.16 42.26,69.65
39.99,67.13 37.08,67.11 34.06,67.61
26.64,72.11 28.68,87.10 39.94,82.82 Z
M 95.95,83.44
C 100.20,82.73 102.87,76.02 100.70,72.42
98.93,69.49 95.11,69.24 92.10,69.47
82.93,73.57 88.71,84.66 95.95,83.44 Z
M 126.86,87.85
C 129.31,88.49 129.74,90.74 129.81,93.00
129.81,93.00 129.81,109.98 129.81,109.98
129.16,112.02 128.42,113.02 126.85,114.39
124.49,116.47 117.19,120.65 114.02,120.64
110.81,120.64 108.69,118.21 109.66,115.04
111.18,110.05 118.42,109.54 120.40,104.82
122.68,99.40 118.61,93.02 123.31,87.85
124.72,87.62 125.13,87.06 126.86,87.85 Z
M 11.60,106.39
C 13.92,109.13 20.06,110.83 21.34,115.04
22.43,118.60 19.59,122.46 13.00,119.59
10.50,118.50 4.15,114.88 2.60,112.79
0.58,110.07 0.23,95.29 1.60,92.15
2.38,90.35 2.53,90.87 3.31,90.04
13.83,86.91 7.66,101.75 11.60,106.39 Z
M 58.60,108.21
C 56.65,112.84 59.55,118.57 65.00,117.66
73.65,116.21 74.82,104.10 64.00,104.43
61.64,105.18 59.68,105.66 58.60,108.21 Z
M 64.58,137.68
C 68.84,138.42 74.12,131.79 78.94,132.44
81.76,132.83 83.13,135.34 82.34,137.99
81.18,141.92 73.65,146.12 70.00,147.64
63.23,150.46 57.59,146.32 52.02,142.68
47.98,140.04 45.54,137.13 49.31,133.04
56.58,130.70 59.31,136.76 64.58,137.68 Z