M 176.45,77.00
C 177.05,73.88 178.57,72.68 178.59,69.00
 178.60,65.60 177.05,56.82 177.75,54.00
 178.50,50.98 181.76,47.89 183.35,45.00
 183.35,45.00 189.32,28.09 189.32,28.09
 190.46,24.39 190.39,20.82 195.04,20.15
 196.77,19.90 199.11,20.09 200.63,21.02
 203.49,22.78 209.62,31.69 211.00,35.00
 215.69,30.93 221.06,32.06 225.32,36.39
 228.26,39.38 228.96,42.57 230.95,46.00
 237.03,56.46 236.89,51.93 241.00,66.00
 242.02,69.50 243.23,76.01 247.19,77.23
 256.95,80.25 262.91,65.74 266.41,62.31
 269.31,59.47 272.46,60.17 277.00,58.20
 277.00,58.20 284.00,54.25 284.00,54.25
 284.00,54.25 297.00,47.70 297.00,47.70
 300.74,45.73 303.68,42.93 307.85,45.89
 313.36,49.80 310.40,63.33 309.00,69.00
 314.59,69.32 319.03,75.47 318.33,81.04
 317.58,87.13 314.86,92.80 313.17,98.58
 313.17,98.58 312.02,104.01 312.02,104.01
 310.72,108.07 308.38,111.71 308.00,116.00
 308.00,116.00 293.00,131.00 293.00,131.00
 296.02,130.93 298.98,129.77 302.00,130.31
 305.65,130.97 306.55,132.85 311.00,132.66
 315.54,132.46 324.20,129.58 328.00,130.59
 328.00,130.59 338.00,135.79 338.00,135.79
 341.90,137.43 343.38,136.64 347.00,137.63
 354.27,139.61 361.30,142.70 369.00,141.00
 369.98,142.86 371.85,146.06 372.31,148.00
 374.27,156.28 361.24,161.95 358.65,165.48
 356.95,167.80 356.11,177.80 356.00,181.00
 351.35,184.17 345.60,185.55 343.00,190.00
 336.70,190.89 331.54,193.51 327.00,198.00
 321.42,197.64 321.15,199.06 316.01,199.95
 308.54,201.25 300.33,199.53 294.00,204.00
 296.14,204.90 298.30,205.58 299.78,207.50
 302.41,210.91 301.14,214.59 306.00,216.00
 306.00,216.00 318.72,228.32 318.72,228.32
 318.72,228.32 323.07,240.00 323.07,240.00
 323.07,240.00 328.13,247.00 328.13,247.00
 328.13,247.00 333.40,257.00 333.40,257.00
 333.40,257.00 341.00,269.00 341.00,269.00
 337.85,271.69 337.67,271.91 337.00,276.00
 330.89,276.00 329.80,275.55 324.00,278.00
 323.41,275.68 322.99,276.23 321.00,277.00
 321.00,277.00 314.00,273.00 314.00,273.00
 313.26,274.78 312.85,276.13 311.49,277.61
 308.70,280.68 300.95,283.57 296.83,282.27
 293.15,281.12 286.74,274.72 281.00,279.00
 275.56,275.86 268.53,274.60 265.00,269.00
 256.38,268.94 251.38,257.60 244.91,255.13
 243.25,254.67 241.70,254.91 240.00,255.13
 242.48,261.01 239.58,262.57 238.80,269.00
 236.56,272.92 238.40,275.19 238.80,279.42
 239.32,293.65 237.47,290.56 237.00,298.00
 231.92,302.91 233.69,304.24 232.31,310.09
 232.31,310.09 227.93,326.00 227.93,326.00
 227.41,328.47 227.48,331.66 226.03,333.72
 224.28,336.19 218.89,337.72 216.00,339.00
 216.00,334.06 212.06,327.38 210.60,322.00
 210.10,320.14 209.92,317.08 208.40,316.04
 204.91,312.83 199.25,319.13 194.01,316.04
 189.28,313.70 184.89,304.12 183.55,299.00
 183.55,299.00 182.28,293.00 182.28,293.00
 182.28,293.00 177.34,284.00 177.34,284.00
 176.09,280.81 173.84,267.32 174.22,264.00
 174.73,259.52 177.89,253.39 173.49,249.61
 168.63,245.44 163.21,252.88 162.00,257.00
 148.20,258.87 151.91,263.14 139.72,273.30
 139.72,273.30 124.83,283.92 124.83,283.92
 124.83,283.92 118.00,287.47 118.00,287.47
 114.39,289.80 103.31,299.32 100.70,290.89
 100.00,288.64 101.46,285.24 102.09,283.00
 102.09,283.00 106.00,267.16 106.00,267.16
 104.47,267.32 102.84,267.88 101.28,267.16
 98.01,266.12 96.88,258.98 97.45,256.00
 97.45,256.00 100.19,249.00 100.19,249.00
 100.19,249.00 102.56,241.04 102.56,241.04
 102.56,241.04 106.49,233.91 106.49,233.91
 111.68,223.05 108.25,226.55 117.23,215.00
 123.46,207.01 126.39,207.31 131.00,201.00
 119.40,196.40 122.61,199.89 114.00,198.86
 109.67,198.34 109.10,196.73 104.00,197.14
 104.00,197.14 90.00,198.49 90.00,198.49
 86.76,198.14 84.40,195.52 81.58,194.17
 81.58,194.17 72.00,191.42 72.00,191.42
 72.00,191.42 56.61,186.98 56.61,186.98
 51.97,183.06 60.63,174.98 68.00,174.00
 68.98,172.38 70.73,170.64 71.25,168.87
 72.25,165.50 69.39,161.83 74.39,156.44
 80.50,149.86 88.31,151.07 90.00,146.00
 90.00,146.00 94.00,144.00 94.00,144.00
 94.00,144.00 110.00,138.50 110.00,138.50
 110.00,138.50 133.00,138.00 133.00,138.00
 133.00,138.00 129.00,136.00 129.00,136.00
 129.00,136.00 130.00,134.00 130.00,134.00
 130.00,134.00 128.00,134.00 128.00,134.00
 126.90,130.75 125.15,130.65 122.00,130.00
 121.26,127.62 119.79,122.11 118.41,120.37
 117.08,118.71 108.62,112.74 106.43,109.49
 104.59,106.75 105.37,104.74 104.03,101.00
 101.83,94.81 98.30,88.78 95.08,83.00
 93.89,80.43 92.84,78.01 95.08,75.43
 98.83,70.52 110.89,74.64 116.00,76.00
 120.33,63.35 129.48,67.08 139.00,70.04
 152.63,74.28 152.20,70.31 166.00,80.00
 170.81,83.37 171.32,83.34 175.00,88.00
 177.58,80.69 175.54,81.76 176.45,77.00 Z
M 196.02,154.09
C 194.52,157.72 196.39,163.20 197.21,167.00
 200.14,180.58 202.76,186.92 216.00,193.22
 219.56,194.91 224.01,196.33 228.02,195.80
 234.71,194.92 236.67,184.49 238.12,179.00
 241.74,165.28 246.10,152.45 231.00,144.23
 227.37,142.26 227.18,141.72 223.00,141.41
 216.59,142.38 198.56,147.96 196.02,154.09 Z
M 323.00,277.00
C 323.00,277.00 322.00,278.00 322.00,278.00
 322.00,278.00 322.00,277.00 322.00,277.00
 322.00,277.00 323.00,277.00 323.00,277.00 Z
M 283.00,279.00
C 283.00,279.00 282.00,280.00 282.00,280.00
 282.00,280.00 282.00,279.00 282.00,279.00
 282.00,279.00 283.00,279.00 283.00,279.00 Z
