M 0.00,152.00
C 0.01,144.16 1.28,134.77 2.59,127.00
 12.70,66.74 54.75,20.36 114.00,4.75
 132.54,-0.13 152.00,0.00 171.00,0.00
 171.00,0.00 226.00,0.00 226.00,0.00
 226.00,0.00 236.00,0.92 236.00,0.92
 262.21,3.01 283.73,10.46 306.00,24.42
 330.74,39.93 349.73,63.62 361.77,90.00
 364.21,95.35 367.11,103.32 368.63,109.00
 369.34,111.67 370.61,117.59 372.56,119.40
 374.63,121.33 378.34,120.99 381.00,121.00
 381.00,121.00 560.00,121.00 560.00,121.00
 560.00,121.00 560.00,149.00 560.00,149.00
 560.00,149.00 375.00,149.00 375.00,149.00
 375.00,149.00 375.00,266.00 375.00,266.00
 375.00,266.00 0.00,266.00 0.00,266.00
 0.00,266.00 0.00,152.00 0.00,152.00 Z
M 106.00,37.31
C 62.39,57.28 37.36,96.82 33.91,144.00
 33.91,144.00 33.00,156.00 33.00,156.00
 33.00,156.00 33.00,218.00 33.00,218.00
 33.00,222.27 31.77,235.62 35.31,237.98
 37.16,239.21 40.81,239.00 43.00,239.00
 43.00,239.00 272.00,239.00 272.00,239.00
 272.00,239.00 324.00,239.00 324.00,239.00
 327.39,239.00 339.00,239.90 340.98,237.40
 342.23,235.81 342.00,231.99 342.00,230.00
 342.00,230.00 342.00,157.00 342.00,157.00
 342.00,157.00 341.09,147.00 341.09,147.00
 340.03,131.46 339.58,126.21 335.09,111.00
 332.48,102.17 326.30,89.76 321.30,82.00
 303.99,55.12 275.60,35.20 244.00,29.46
 231.22,27.14 204.19,28.00 190.00,28.14
 190.00,28.14 141.00,28.14 141.00,28.14
 128.47,30.09 117.69,31.95 106.00,37.31 Z
M 364.00,314.00
C 364.00,314.00 364.00,340.00 364.00,340.00
 364.00,340.00 7.00,340.00 7.00,340.00
 7.00,340.00 7.00,314.00 7.00,314.00
 7.00,314.00 364.00,314.00 364.00,314.00 Z